a <- 1
a

b <- 1
b

c <- 1
c

d <- 3.5
d
